3674:
1100257
347434
2472269
1869098
817781
2452474
1891014
593812
1226449
1352305
1155444
2464049
1536488
2026050
1871167
216202
2244515
1247941
1189643
1689198
1498364
526154
87237
1404299
3675:
1982589
1376081
2309102
2515101
600451
2577433
480053
765094
1382120
3676:
1982226
1495499
1669842
2639376
1982597
1426939
3677:
1134828
2298975
956174
42704
1404968
2459942
1679924
998482
1482334
3678:
571280
216290
565203
1919648
1828808
1522015
918529
2246085
1737772
568130
1592647
3679:
1605167
1283120
1167434
240214
899654
702795
975759
8287
1746898
2348475
1135948
1540320
1842979
2247242
38344
2453949
55721
525709
870514
418215
402609
1001461
2059638
731410
2297255
898796
1727642
1591975
673077
2508591
240783
1578818
2457923
1789428
91614
2646968
1580781
2598129
985863
482964
2290100
550921
676345
2295359
1990493
1206055
368:
1753725
660587
1781507
1761651
302982
1242044
891618
1229848
115010
497674
2322669
1247329
45383
2241714
1982522
4559
445501
438870
2449001
1011794
2260990
257535
990639
2634848
2181544
45101
1687623
2334757
1372159
1465727
2212448
2427358
1572459
859983
770228
942304
3680:
2287839
2428115
2173522
654599
915274
1630224
561405
1745608
2447935
42585
369451
178129
139213
1619646
235253
2129174
1619103
1136145
1528666
985858
1455644
1823785
555819
1638426
1923334
695907
520595
1860831
2492620
1633035
1830420
2350969
470248
453498
2539813
2415289
2614867
190360
185417
1988829
2302938
1903151
378169
1455504
169093
2284214
2033994
1635624
2627765
2116721
571094
1980654
1972330
1504252
1394102
1915048
1728535
1927686
1156621
1318378
118039
1152119
1346087
2419365
1759846
1960561
1829927
1408584
1752538
2212633
259417
2485884
1360690
1250817
740628
2035212
1237990
373186
2436789
1234747
2257013
2517967
219832
1938587
955882
1654908
1450187
191097
1665706
1349998
2099185
1403738
488083
2343180
2561198
1665573
2165469
1747244
803856
1877365
2480982
1617057
2277499
379231
1948838
679581
1780005
229379
1530852
490783
364190
654412
1924976
131655
2484560
2500646
1223770
2247813
1834690
2583351
2184736
2524625
2261499
804243
46231
2245661
456649
806340
2291305
772706
2633632
835690
2084185
1836829
513327
1681472
2368098
1837843
1776479
2377700
1132203
2344446
1087326
327821
2337085
2547062
1923270
1571475
1360040
1632382
1203176
498009
642069
2124064
1608965
2571563
866566
778092
1849676
799816
2111054
498354
263222
222229
2146049
2602166
116353
1730270
1185791
2556746
1220679
862199
2205332
2320092
312780
287593
602181
728074
2461300
2277133
2032784
997163
650591
2247221
1185289
1395736
58479
1967672
26043
1621871
2509991
1147088
1797804
1282330
1548994
309077
875937
1197227
2496910
2420442
351276
1905165
2282751
2412888
1764203
462225
1303094
1928429
2125466
401508
188197
2552629
1612244
1696002
2062868
403345
2629467
959683
2147861
10150
1951357
2228750
299273
202434
856558
1664
1259436
1422444
1516945
2108997
491865
2475552
871761
1914816
968832
1988679
1076736
705485
1346539
1738
2509757
2406275
1685447
2349836
219163
6814
443246
1334448
1395681
2221108
2142018
1177486
918998
1833133
1893439
1084282
111796
652008
2293905
380944
2598023
1762585
1563979
298090
1142260
1948497
2162079
1974381
674890
763278
886017
92892
1992740
207412
615232
364590
2009277
560586
2018549
2257141
2408899
37782
2401006
1045145
1212279
954717
741494
1276059
3681:
1501116
759596
381651
3682:
1357543
919047
625138
3684:
991931
1742020
2096173
823945
2268502
1914018
724744
2580900
1689462
2283578
1386164
1483403
266901
751312
1030353
1892059
1015234
2295650
162807
228344
758834
2381407
717330
2147228
876586
1836088
134335
1267640
2478193
1744335
1553404
1940747
1710141
1169996
1907531
2570342
355479
1300380
2471493
1302880
1066463
590765
1549448
534778
2522119
741510
1933210
2149224
1654843
1139379
463846
426299
2531403
1823038
830051
1686257
2296852
1395444
287379
1725111
1078806
615100
328506
517054
2222743
910146
508481
664641
1954365
272374
1434005
2074490
2137000
595127
741589
1906070
131392
1625413
979738
2100447
2044896
1303933
2565754
2095103
2642402
812986
1388806
1755249
1126968
2015233
1169289
1721530
845938
1479507
2045631
462014
1669096
1656593
632930
1991379
1162787
1903979
1667663
964185
1129824
949978
2446196
1593690
1448435
469877
153777
1929834
2081866
2487260
404156
150043
29263
483288
688379
965262
1361691
950751
2113335
1117878
1448113
2315057
1369107
1758655
2026169
321894
325016
1597558
2211474
864459
982074
922806
1193453
1742989
2150269
1873859
368231
386963
1352804
2568774
1699077
2394762
2084755
376406
2542205
1732315
482812
1812765
2546630
1893696
331974
850368
2181961
86813
316597
1110077
2583684
506935
106066
1173120
2492488
2237210
1994737
2354808
1838229
1871136
43375
128139
761621
1383394
473497
1813849
1437697
377241
1498012
79317
2005323
99575
1417275
1544065
835207
1007010
1059045
1466175
2496768
354178
705993
180000
872845
1012462
1344558
37623
1441566
2267960
1627670
60089
2588597
1636849
2252822
1194166
1920155
1099488
172542
1861665
1367150
1414247
75704
2219903
1001684
75442
129855
210604
2568998
1969565
1865974
2558944
3685:
952709
1967058
1489412
1963026
2188653
983744
1578191
1761633
1588279
1339715
1616430
2163245
2609531
419286
1311817
529697
564592
352427
3686:
864303
1495318
1460653
2476668
2287919
533904
712232
1061453
882138
2524708
2530503
2530208
729274
1377989
1194439
2167895
1952292
2170732
1679486
364280
2304943
391014
386819
1228781
1221897
3687:
1688952
2379545
1261894
1710256
1705060
1994505
1031629
2351525
1407746
528384
1731346
2574761
2627449
1948317
2037731
2177341
350246
2435261
1730965
2553812
2612756
1910370
2781
1714208
2227988
2001482
611154
2339261
332937
2080565
1198598
1961518
949744
798909
744465
137551
2534334
1727772
1678501
1890477
280377
517168
1044397
289694
1984818
2204299
1048995
764200
2003856
1886348
580126
2640087
2226744
1604609
144742
768400
901947
991437
2226294
125266
1360508
199133
599843
2115299
2511460
1460499
1333180
2089116
1104887
722190
2398471
2261630
3688:
1832496
154774
761515
2123110
3689:
1016315
898121
676676
2420848
2369008
2615678
1299550
1386974
671459
2314450
408647
2336005
1387564
1560318
1392097
322143
1549449
77960
250577
2286986
1302772
15863
2624323
2182846
1881496
1735133
1685273
1089368
722238
1507284
1112372
570085
764750
2526748
441153
1883736
1719016
831845
1923671
202764
2256674
835988
832310
1861850
646373
1384377
1610802
2089423
2047667
2384196
120389
2403300
152135
2445026
1866284
2195510
2137223
2467452
713160
915950
1043837
1654526
2604908
188843
471422
756136
1774637
2554401
488183
277791
2518654
891904
408459
1817868
729407
571379
1655610
1386493
2074988
385175
1156204
1344853
2109332
1390219
1179872
1653714
1800794
1303912
2306363
496840
986149
912401
91220
1891926
2594824
2422120
1236105
1186073
1825376
1964248
769600
913343
2464853
500439
777773
1216257
194318
1495888
860407
2567382
858166
2553808
1771962
864742
2471276
1105260
1734649
1028438
2097799
995871
2624646
1790351
558239
122065
1982017
2503387
937847
1991586
2619372
2172766
527537
2495036
1925386
1238356
654189
1376909
407228
1446013
385593
1536302
2453305
2609901
1272479
1110453
169612
1054395
1205785
1531099
741740
1025713
239167
960457
194863
766963
1140669
1955079
2419406
1806190
1087705
1818524
874292
1185574
2280649
494658
1901619
1397022
994741
521746
2458938
1045306
883090
1554426
1615662
2542340
396326
1912881
1300493
2633576
1165390
1633455
944586
299607
2618126
551693
1316075
993083
2071629
282888
61597
2289620
227163
1283598
1527308
1502848
1197743
1733650
492102
1660651
800722
1155359
1742120
474418
1181698
355894
2525861
2289236
1447997
2287557
330135
835360
